50
0 73.553919 1
1 50.267764 3
2 29.545471 6
3 46.107998 8
4 71.114769 10
5 69.608978 11
6 26.589134 11
7 29.637292 12
8 31.976896 13
9 74.866289 17
10 32.642066 20
11 43.695693 20
12 50.029306 22
13 12.35757 24
14 27.291219 29
15 74.261076 29
16 63.799996 29
17 51.706994 31
18 38.244008 31
19 42.197786 33
20 26.250538 35
21 71.454931 39
22 35.980759 41
23 59.90697 43
24 63.429937 43
25 43.241609 47
26 65.25229 51
27 69.891144 51
28 44.006311 58
29 46.738263 58
30 54.794421 59
31 5.0 62
32 63.931324 67
33 61.486589 68
34 30.727587 68
35 35.549142 72
36 5.0 75
37 55.21017 77
38 55.531761 77
39 27.744675 79
40 30.320541 80
41 43.972772 81
42 69.234158 82
43 40.733894 83
44 60.800981 89
45 58.508759 89
46 61.104603 92
47 51.948864 95
48 68.465016 97
49 35.765688 97
